
Resp charges for organic molecule                                               

iqopt   irstrnt  ihfree     qwt
  2      1      1        0.001000

 rel.rms   dipole mom       Qxx      Qyy      Qzz
    0.01141  35.73173-153.22005 -16.31910 169.53915

          Point charges before & after optimization
    NO   At.No.    q0           q(opt)   IVARY  d(rstr)/dq 
     1     6  -0.280540      -0.280540  -99    0.003358
     2     1   0.217555       0.217555  -99    0.000000
     3     6  -0.242555      -0.242555  -99    0.003812
     4     1   0.143208       0.143208  -99    0.000000
     5     6   0.234765       0.258725    0    0.003605
     6     1  -0.011800      -0.015670    0    0.000000
     7     1  -0.001376      -0.015670    6    0.000000
     8     6  -0.330730      -0.330730  -99    0.002894
     9     6   0.957756       0.957756  -99    0.001038
    10     8  -0.801431      -0.801431  -99    0.001238
    11     7  -1.133614      -1.133614  -99    0.000879
    12     1   0.481773       0.481773  -99    0.000000
    13     1   0.481773       0.481773  -99    0.000000
    14     6  -0.028017      -0.028017  -99    0.009629
    15     1   0.190497       0.190497  -99    0.000000
    16     7   0.000924       0.000924  -99    0.010000
    17     6   0.175188       0.175188  -99    0.004957
    18     1   0.132596       0.132596  -99    0.000000
    19     6   0.066524       0.066524  -99    0.008326
    20     1   0.079074       0.079074  -99    0.000000
    21     8  -0.765570      -0.765570  -99    0.001295
    22     1   0.498342       0.498342  -99    0.000000
    23     6   0.577560       0.577560  -99    0.001706
    24     1   0.048239       0.048239  -99    0.000000
    25     8  -0.849836      -0.849836  -99    0.001169
    26     1   0.513312       0.513312  -99    0.000000
    27     6  -0.054315      -0.054315  -99    0.008787
    28     1   0.109385       0.109385  -99    0.000000
    29     8  -0.416383      -0.416383  -99    0.002335
    30     6   0.054353      -0.013489    0    0.009910
    31     1   0.129289       0.145506    0    0.000000
    32     1   0.085453       0.145506   31    0.000000
    33     8  -0.538207      -0.538207  -99    0.001827
    34    15   1.293831       1.293831  -99    0.000771
    35     8  -0.865965      -0.865965  -99    0.001147
    36     8  -0.865965      -0.865965  -99    0.001147
    37     8  -0.573871      -0.573871  -99    0.001717
    38    15   1.363891       1.363891  -99    0.000731
    39     8  -0.898177      -0.898177  -99    0.001107
    40     8  -0.898177      -0.898177  -99    0.001107
    41     8  -0.576182      -0.576182  -99    0.001710
    42     6   0.049271       0.097200    0    0.007171
    43     1   0.088074       0.074352    0    0.000000
    44     1   0.122780       0.074352   43    0.000000
    45     6   0.146974       0.146974  -99    0.005625
    46     1   0.124901       0.124901  -99    0.000000
    47     8  -0.585940      -0.585940  -99    0.001682
    48     6   0.236369       0.236369  -99    0.003896
    49     1   0.129973       0.129973  -99    0.000000
    50     8  -0.778196      -0.778196  -99    0.001275
    51     1   0.491758       0.491758  -99    0.000000
    52     6   0.139918       0.139918  -99    0.005815
    53     1   0.116933       0.116933  -99    0.000000
    54     8  -0.767083      -0.767083  -99    0.001293
    55     1   0.491357       0.491357  -99    0.000000
    56     6   0.386463       0.386463  -99    0.002505
    57     1   0.107859       0.107859  -99    0.000000
    58     7  -0.180534      -0.180534  -99    0.004845
    59     6   0.258442       0.258442  -99    0.003609
    60     1   0.175379       0.175379  -99    0.000000
    61     7  -0.665880      -0.665880  -99    0.001485
    62     6  -0.056458      -0.056458  -99    0.008708
    63     6   0.843074       0.843074  -99    0.001178
    64     7  -0.997151      -0.997151  -99    0.000998
    65     1   0.449349       0.449349  -99    0.000000
    66     1   0.449349       0.449349  -99    0.000000
    67     7  -0.900681      -0.900681  -99    0.001103
    68     6   0.689376       0.689376  -99    0.001436
    69     1   0.063468       0.063468  -99    0.000000
    70     7  -0.885282      -0.885282  -99    0.001122
    71     6   0.553559       0.553559  -99    0.001778

        Statistics of the fitting:
  The initial sum of squares (ssvpot)                    473.620
  The residual sum of squares (chipot)                     0.062
  The std err of estimate (sqrt(chipot/N))               0.00191
  ESP relative RMS (SQRT(chipot/ssvpot))                 0.01141

 Dipole Moment (Debye)=  35.73173
