Resp charges for organic molecule

 &cntrl

 nmol = 1,
 ihfree = 1,
 ioutopt = 1,
 iqopt = 2,
 qwt =  0.00100,

 &end
    1.0
Resp charges for organic molecule
   -1   70
    6  -99
    1  -99
    6  -99
    1  -99
    6  -99
    1  -99
    6  -99
    6  -99
    8  -99
    7  -99
    1  -99
    1  -99
    6  -99
    1  -99
    7  -99
    6  -99
    1  -99
    6  -99
    1  -99
    8  -99
    1  -99
    6  -99
    1  -99
    8  -99
    1  -99
    6  -99
    1  -99
    8  -99
    6    0
    1    0
    1   30
    8  -99
   15  -99
    8  -99
    8  -99
    8  -99
   15  -99
    8  -99
    8  -99
    8  -99
    6    0
    1    0
    1   42
    6  -99
    1  -99
    8  -99
    6  -99
    1  -99
    8  -99
    1  -99
    6  -99
    1  -99
    8  -99
    1  -99
    6  -99
    1  -99
    7  -99
    6  -99
    1  -99
    7  -99
    6  -99
    6  -99
    7  -99
    1  -99
    1  -99
    7  -99
    6  -99
    1  -99
    7  -99
    6  -99

