
Resp charges for organic molecule                                               

iqopt   irstrnt  ihfree     qwt
  2      1      1        0.001000

 rel.rms   dipole mom       Qxx      Qyy      Qzz
    0.01725  39.38914 267.76793-168.20490 -99.56304

          Point charges before & after optimization
    NO   At.No.    q0           q(opt)   IVARY  d(rstr)/dq 
     1     6   0.014829       0.014829  -99    0.009892
     2     1   0.207436       0.207436  -99    0.000000
     3     6  -0.215996      -0.215996  -99    0.004201
     4     1   0.212423       0.212423  -99    0.000000
     5     6   0.050303       0.050303  -99    0.008933
     6     1   0.183242       0.183242  -99    0.000000
     7     6  -0.150709      -0.150709  -99    0.005529
     8     6   0.913399       0.913399  -99    0.001088
     9     8  -0.755496      -0.755496  -99    0.001312
    10     7  -1.031145      -1.031145  -99    0.000965
    11     1   0.468866       0.468866  -99    0.000000
    12     1   0.468866       0.468866  -99    0.000000
    13     6  -0.029810      -0.029810  -99    0.009583
    14     1   0.269203       0.269203  -99    0.000000
    15     7   0.190798       0.190798  -99    0.004642
    16     6   0.107662       0.107662  -99    0.006806
    17     1   0.156655       0.156655  -99    0.000000
    18     6   0.311407       0.311407  -99    0.003057
    19     1   0.028657       0.028657  -99    0.000000
    20     8  -0.802103      -0.802103  -99    0.001237
    21     1   0.513453       0.513453  -99    0.000000
    22     6   0.347325       0.347325  -99    0.002767
    23     1   0.090446       0.090446  -99    0.000000
    24     8  -0.813514      -0.813514  -99    0.001220
    25     1   0.512454       0.512454  -99    0.000000
    26     6   0.286305       0.286305  -99    0.003297
    27     1   0.061087       0.061087  -99    0.000000
    28     8  -0.532927      -0.532927  -99    0.001844
    29     6  -0.041770      -0.095878    0    0.007218
    30     1   0.145952       0.149563    0    0.000000
    31     1   0.076446       0.149563   30    0.000000
    32     8  -0.551160      -0.551160  -99    0.001785
    33    15   1.319819       1.319819  -99    0.000756
    34     8  -0.870288      -0.870288  -99    0.001142
    35     8  -0.870288      -0.870288  -99    0.001142
    36     8  -0.576233      -0.576233  -99    0.001710
    37    15   1.366504       1.366504  -99    0.000730
    38     8  -0.898393      -0.898393  -99    0.001106
    39     8  -0.898393      -0.898393  -99    0.001106
    40     8  -0.576479      -0.576479  -99    0.001709
    41     6   0.071519       0.144661    0    0.005686
    42     1   0.093746       0.065063    0    0.000000
    43     1   0.132146       0.065063   42    0.000000
    44     6   0.066694       0.066694  -99    0.008319
    45     1   0.142544       0.142544  -99    0.000000
    46     8  -0.562671      -0.562671  -99    0.001750
    47     6   0.269915       0.269915  -99    0.003474
    48     1   0.123394       0.123394  -99    0.000000
    49     8  -0.780533      -0.780533  -99    0.001271
    50     1   0.493657       0.493657  -99    0.000000
    51     6   0.129886       0.129886  -99    0.006100
    52     1   0.117268       0.117268  -99    0.000000
    53     8  -0.761159      -0.761159  -99    0.001303
    54     1   0.488041       0.488041  -99    0.000000
    55     6   0.399036       0.399036  -99    0.002431
    56     1   0.106359       0.106359  -99    0.000000
    57     7  -0.222444      -0.222444  -99    0.004100
    58     6   0.283956       0.283956  -99    0.003322
    59     1   0.169852       0.169852  -99    0.000000
    60     7  -0.674085      -0.674085  -99    0.001467
    61     6  -0.046934      -0.046934  -99    0.009053
    62     6   0.841694       0.841694  -99    0.001180
    63     7  -0.996860      -0.996860  -99    0.000998
    64     1   0.449205       0.449205  -99    0.000000
    65     1   0.449205       0.449205  -99    0.000000
    66     7  -0.901384      -0.901384  -99    0.001103
    67     6   0.691211       0.691211  -99    0.001432
    68     1   0.061333       0.061333  -99    0.000000
    69     7  -0.879931      -0.879931  -99    0.001129
    70     6   0.556510       0.556510  -99    0.001769

        Statistics of the fitting:
  The initial sum of squares (ssvpot)                    194.011
  The residual sum of squares (chipot)                     0.058
  The std err of estimate (sqrt(chipot/N))               0.00185
  ESP relative RMS (SQRT(chipot/ssvpot))                 0.01725

 Dipole Moment (Debye)=  39.38914
